1	3.893443
2	3.333333
3	2.906977
4	3.491071
5	3.236842
6	3.416667
7	3.824468
8	3.952830
9	3.825301
10	3.980000
11	3.759259
12	4.419355
13	3.402299
14	3.955555
15	3.746667
16	3.476191
17	3.148936
18	2.750000
19	4.184210
20	3.225806
21	2.951220
22	4.092715
23	4.000000
24	3.385542
25	3.427536
26	3.352941
27	3.032258
28	3.965278
29	2.534483
30	4.095238
31	3.693333
32	3.800000
33	3.422222
34	3.500000
35	2.285714
36	1.666667
37	2.333333
38	3.188679
39	3.219512
40	2.730769
41	3.142857
42	3.797101
43	3.055556
44	3.214286
45	3.930233
46	3.333333
47	3.671642
48	4.132075
49	3.285714
50	4.378290
51	3.567568
52	3.580000
53	2.982759
54	3.111111
55	3.708861
56	3.917127
57	3.894737
58	3.662338
59	3.906977
60	4.090909
61	4.000000
62	3.289855
63	3.263158
64	4.428571
65	3.423077
66	3.524390
67	2.921569
68	3.363636
69	3.852564
70	3.637168
71	3.801802
72	3.090909
73	3.500000
74	3.500000
76	3.480000
77	3.250000
78	2.352941
79	4.061452
80	2.633333
81	3.571429
82	3.762963
83	4.068182
84	2.750000
85	2.814815
86	3.962025
87	4.015625
88	3.539823
89	4.166667
90	2.978723
91	3.760000
92	3.666667
93	3.769231
94	3.000000
95	3.827586
96	4.000000
97	3.772358
98	4.288043
99	3.609756
100	4.101961
101	3.277778
102	3.230769
103	2.500000
104	2.000000
105	2.548387
106	2.897436
107	3.666667
108	2.882353
109	3.388060
110	2.466667
111	3.439189
112	2.384615
113	4.000000
114	4.448276
115	3.200000
116	3.797101
117	3.648649
118	3.203947
119	4.000000
120	2.214286
121	3.378151
122	2.385965
123	3.245283
124	4.035714
125	3.653543
126	3.710526
127	4.259091
128	3.588235
129	3.833333
130	2.285714
131	3.666667
132	4.059829
133	3.783133
134	4.270270
135	3.854962
136	4.176471
137	3.804598
138	3.125000
139	2.800000
140	3.206897
141	3.512195
142	2.925926
143	3.833333
144	3.827869
145	2.548387
146	3.000000
147	3.369565
148	3.180328
149	3.090909
150	3.859155
151	3.607143
152	3.822222
153	3.714286
154	3.700000
155	2.981818
156	3.846154
157	3.551724
158	2.285714
159	3.054545
160	3.551724
161	3.418182
162	3.460000
163	3.522727
164	3.513889
165	3.942857
166	4.333333
167	2.825000
168	4.067901
169	4.612903
170	4.048387
171	3.733333
172	4.305263
173	4.201087
174	4.288288
175	3.681818
176	3.925170
177	3.767123
178	4.375000
179	3.850877
180	4.099099
181	4.015326
182	4.000000
183	3.955555
184	3.317460
185	4.094828
186	3.753968
187	4.188525
188	3.769231
189	4.030303
190	4.153846
191	4.192000
192	3.950820
193	3.894118
194	4.000000
195	3.847682
196	3.854839
197	3.966102
198	4.158730
199	4.237500
200	3.853211
201	3.500000
202	3.783784
203	3.804878
204	3.748571
205	3.987342
206	3.458333
207	3.645161
208	3.896226
209	3.725275
210	3.928144
211	3.893204
212	3.645833
213	3.936508
214	3.327273
215	3.682692
216	3.873134
217	3.131148
218	3.469880
219	3.237288
220	3.444444
221	3.800000
222	3.577320
223	4.176471
224	4.000000
225	2.877193
226	3.375000
227	3.244186
228	3.828125
229	3.000000
230	3.381443
231	2.652778
232	3.142857
233	3.294118
234	3.709220
235	2.891892
236	3.947368
237	3.651515
238	3.723077
239	3.513514
240	2.831169
241	3.509434
242	4.000000
243	2.382353
244	3.120000
245	3.147287
246	3.833333
247	1.000000
248	3.645570
249	3.130435
250	3.561798
251	3.866667
252	3.000000
253	3.866667
254	2.513514
255	3.487805
256	3.500000
257	3.746914
258	3.759336
259	2.833333
260	2.552239
261	2.541667
262	3.888889
263	1.500000
264	2.836735
265	3.897959
266	2.444444
267	2.500000
268	3.816794
269	3.888199
270	3.661972
271	3.265487
272	4.184466
273	3.400000
274	3.639175
275	3.972028
276	3.629139
277	3.515152
278	3.093750
279	3.250000
280	3.279070
281	3.298507
282	3.794872
283	3.739130
284	3.150943
285	4.204545
286	3.684825
287	3.628572
288	3.368889
289	2.879433
290	3.086957
291	3.475410
292	3.656250
293	3.810127
294	3.205323
295	3.450000
296	3.000000
297	3.923077
298	3.700000
299	2.850000
300	3.633929
301	3.273504
302	4.167702
303	3.632353
304	3.487805
305	3.720930
306	3.913043
307	3.578947
308	3.100000
309	3.312500
310	3.628205
311	3.750000
312	3.073171
313	4.267857
314	1.000000
315	4.046512
316	4.092593
317	3.977273
318	4.554054
319	3.415584
320	4.000000
321	3.090909
322	3.079646
323	2.984848
324	3.137931
325	2.480769
326	3.420000
327	3.451613
328	3.403974
329	3.461539
330	3.130435
331	3.508772
332	3.492537
333	3.677165
334	3.272727
335	2.833333
336	2.478261
337	3.142857
338	2.729167
339	3.115385
340	3.526882
341	3.000000
342	2.850000
343	3.000000
344	3.629630
345	3.457143
346	3.606557
347	3.577465
348	3.200000
349	2.937500
350	3.176471
351	2.900000
352	1.944444
353	2.666667
354	3.437500
355	2.608696
356	3.450980
357	4.285714
358	2.615385
359	3.545455
360	3.200000
361	3.400000
362	2.933333
363	2.800000
364	3.300000
365	3.074074
366	3.173913
367	3.565217
368	1.937500
369	2.653846
370	2.785714
371	3.235294
372	3.550000
373	2.909091
374	2.166667
375	2.153846
376	2.800000
377	2.833333
378	3.696429
379	2.842105
380	3.245902
381	3.380000
382	3.529412
383	2.636364
384	2.777778
385	3.545455
386	2.770833
387	3.206897
388	2.375000
389	3.437500
390	2.800000
391	2.724138
392	3.718750
393	3.418367
394	3.000000
395	2.760000
396	2.695652
397	2.250000
398	2.176471
399	3.400000
400	2.777778
401	2.736842
402	3.432099
403	3.431579
404	3.473684
405	3.337143
406	2.416667
407	2.476191
408	4.566667
409	3.314286
410	2.931507
411	2.945205
412	2.581395
413	2.521739
414	3.653846
415	3.000000
416	3.444444
417	2.944444
418	3.550725
419	3.663265
420	3.577778
421	3.630435
422	2.705882
423	3.695652
424	1.333333
425	3.842105
426	3.000000
427	4.258621
428	3.609375
429	3.846154
430	3.931818
431	3.478261
432	3.797753
433	3.564706
434	3.815789
435	3.881188
436	3.409091
437	1.000000
438	1.500000
439	1.000000
440	2.000000
441	2.656250
442	2.000000
443	3.739726
444	2.750000
445	3.666667
446	2.333333
447	3.301587
448	3.400000
449	2.907692
450	2.074074
451	3.178947
452	2.444444
453	2.285714
454	3.666667
455	3.184211
456	2.181818
457	2.076923
458	3.095238
459	3.933333
460	3.100000
461	3.678571
462	3.942029
463	3.562500
464	3.500000
465	3.431818
466	3.379310
467	3.608696
468	3.324324
469	3.851852
470	3.719298
471	3.593220
472	3.113636
473	3.181818
474	4.206522
475	3.868852
476	3.094594
477	3.207547
478	4.115385
479	4.283951
480	4.370787
481	4.117647
482	3.876923
483	4.400000
484	4.128572
485	3.827586
486	4.000000
487	4.181818
488	4.233333
489	4.160000
490	4.045455
491	3.866667
492	3.733333
493	4.133333
494	4.000000
495	3.600000
496	4.084615
497	3.911765
498	4.126582
499	3.906250
500	4.090909
501	3.357143
502	3.777778
503	3.611111
504	3.830508
505	4.060606
506	3.791667
507	3.826923
508	3.571429
509	3.843750
510	3.900000
511	4.186813
512	3.961539
513	4.303030
514	3.858824
515	4.263637
516	3.880000
517	3.948718
518	3.604651
519	4.173913
520	4.136364
521	3.822581
522	3.888889
523	3.941176
524	4.230769
525	4.088235
526	3.853333
527	3.901099
528	4.076923
529	4.044445
530	3.971429
531	3.846154
532	3.300000
533	3.555556
534	3.000000
535	3.156250
536	3.333333
537	3.692308
538	3.470588
539	2.291667
540	2.333333
541	2.923077
542	2.448276
543	3.400000
544	3.060606
545	1.250000
546	3.122137
547	3.434783
548	1.750000
549	3.479167
550	3.168675
551	2.500000
552	2.684211
553	3.419355
554	2.780488
555	2.000000
556	2.400000
557	3.333333
558	3.580645
559	3.032787
560	2.750000
561	2.880000
562	3.296296
563	2.428571
564	1.900000
565	2.750000
566	3.515152
567	2.772727
568	3.522522
569	2.500000
570	3.034483
571	2.800000
572	2.692308
573	3.071429
574	2.000000
575	2.368421
576	3.078431
577	2.350000
578	3.116279
579	2.545455
580	3.647059
581	2.923077
582	3.547619
583	2.933333
584	3.690476
585	2.375000
586	2.571429
587	3.666667
588	3.804124
589	4.166667
590	2.200000
591	3.538461
592	3.600000
593	3.000000
594	3.000000
595	2.968750
596	3.378788
597	3.229167
598	2.000000
600	2.000000
601	4.181818
602	3.478261
603	4.373832
604	3.871795
605	3.333333
606	4.052631
607	3.843750
608	3.916667
609	3.500000
610	3.714286
611	4.000000
612	4.285714
613	4.200000
614	3.909091
615	4.107143
616	3.448276
617	3.875000
618	3.714286
619	3.312500
620	3.190476
621	2.333333
622	3.235294
623	2.947368
624	2.888889
625	3.414634
626	2.000000
627	3.250000
628	3.440476
629	3.230769
630	3.187500
631	3.709091
632	3.692308
633	4.153846
634	3.125000
635	2.615385
636	3.195652
637	2.750000
638	3.521739
639	3.700000
640	2.800000
641	4.000000
642	3.425000
643	4.000000
644	3.611111
645	3.916667
646	3.631579
647	4.277778
648	4.187500
649	3.409091
650	3.527778
651	3.987180
652	4.025641
653	4.000000
654	4.090909
655	3.754545
656	3.958333
657	4.194445
658	3.222222
659	4.058824
660	3.723684
661	4.051282
662	3.340909
663	3.770492
664	3.640000
665	2.822222
666	2.000000
667	2.000000
668	2.333333
669	1.800000
670	2.666667
671	3.666667
672	2.700000
673	3.657895
674	3.000000
675	3.321429
676	3.162791
678	2.895652
679	3.000000
680	2.375000
681	2.214286
682	2.923077
683	2.045455
684	3.710843
685	3.303797
686	3.666667
687	2.114286
688	2.000000
689	2.945946
690	3.546512
691	3.500000
692	3.621622
693	3.702128
694	4.090909
695	2.600000
696	3.186047
697	3.476191
698	2.333333
699	3.659575
700	3.200000
701	3.666667
702	2.720000
703	3.555556
704	3.000000
705	3.904762
706	3.000000
707	3.939394
708	3.400000
709	3.833333
710	3.552632
712	3.000000
713	3.325581
714	3.333333
715	3.326087
716	3.178571
717	2.790698
718	3.900000
719	2.312500
720	3.150000
721	3.500000
722	2.750000
723	3.153846
724	3.500000
725	2.555556
726	2.428571
727	3.272727
728	3.136364
729	3.472222
730	3.428571
731	3.045455
732	3.680412
733	2.875000
734	2.428571
735	3.907692
736	3.970588
737	3.096774
738	2.750000
739	3.290698
740	3.685714
741	3.217391
742	3.676692
743	1.894737
744	3.480000
745	3.800000
746	3.444444
747	3.380000
748	3.217949
749	3.200000
750	3.741935
751	3.436893
752	3.200000
753	3.625000
754	3.400000
755	3.381818
756	3.000000
757	2.666667
758	2.142857
759	2.800000
760	2.826087
761	3.058824
762	3.518518
763	3.329114
764	2.818182
765	2.562500
766	3.000000
767	2.500000
768	3.260870
769	2.578947
770	3.407408
771	2.727273
772	3.555556
773	2.875000
774	3.250000
775	2.500000
776	3.666667
777	1.333333
778	3.454545
779	2.823529
780	3.035714
781	3.363636
782	2.000000
783	2.461539
785	3.312500
786	2.285714
787	3.400000
788	3.000000
789	3.720000
790	2.777778
791	2.333333
792	3.710526
793	3.666667
794	3.714286
795	2.230769
796	3.222222
797	3.000000
798	2.000000
799	2.666667
800	2.636364
801	2.800000
802	2.789474
803	2.666667
804	3.333333
805	3.833333
806	3.500000
807	2.000000
808	2.937500
809	3.043478
810	3.043478
811	4.000000
812	3.444444
813	3.916667
815	3.245902
816	2.111111
817	1.000000
818	2.923077
819	2.560000
820	2.905660
821	3.363636
822	2.500000
823	2.682927
824	2.545455
825	3.047619
826	2.612245
827	2.833333
828	3.000000
829	2.666667
831	2.577778
832	2.909091
833	3.321429
834	1.818182
835	3.555556
836	3.909091
837	4.142857
838	3.000000
839	4.000000
840	2.607143
841	2.838710
842	3.181818
843	2.545455
844	3.736842
845	3.451220
846	3.200000
847	3.629630
848	3.000000
849	2.730769
851	4.000000
853	3.500000
854	2.714286
855	3.702703
856	3.611111
858	1.000000
859	3.000000
860	2.285714
861	2.000000
862	2.600000
863	3.769231
864	3.432432
865	3.583333
866	3.237288
867	4.000000
868	3.000000
869	3.142857
870	2.833333
871	2.342857
872	2.875000
873	3.127660
874	3.705882
875	2.846154
876	2.846154
877	2.566667
878	2.785714
879	3.276923
880	3.000000
881	3.071429
882	3.444444
883	3.666667
884	3.000000
885	2.222222
886	3.000000
887	3.575000
888	4.000000
889	3.333333
890	1.785714
891	2.500000
892	2.750000
893	2.750000
894	1.818182
895	3.094340
896	3.782609
897	1.500000
898	3.324324
899	3.142857
900	3.631579
901	1.857143
902	3.708333
903	3.500000
904	3.000000
905	3.250000
906	3.100000
907	3.000000
908	2.555556
909	3.444444
910	2.500000
911	2.500000
912	3.000000
913	4.000000
914	3.200000
915	3.571429
916	3.300000
917	3.333333
918	3.500000
919	3.769231
920	2.000000
921	3.842105
922	3.882353
923	4.086957
924	3.340909
925	3.235294
926	2.900000
927	3.500000
928	3.216667
929	2.750000
930	2.944444
931	2.461539
932	3.260870
933	2.555556
934	2.733333
935	2.500000
936	3.687500
937	3.312500
938	2.833333
939	3.555556
940	2.058824
941	3.142857
942	3.350000
943	3.350000
944	3.142857
945	3.956522
946	2.937500
947	2.900000
948	2.000000
949	3.361111
950	3.333333
951	2.761905
952	3.333333
953	3.000000
954	3.600000
955	3.375000
956	3.611111
957	3.000000
958	3.555556
959	3.392857
960	3.636364
961	3.214286
962	2.777778
963	4.200000
964	3.400000
965	3.400000
966	4.166667
967	3.166667
968	3.636364
969	3.975000
970	2.666667
971	3.937500
972	3.000000
973	3.666667
974	3.142857
975	3.333333
976	1.400000
977	2.809524
978	3.000000
979	3.466667
980	2.900000
981	2.000000
982	3.857143
983	2.428571
984	3.047619
985	3.100000
986	2.416667
987	2.500000
988	2.387755
989	3.062500
990	3.055556
991	2.437500
992	3.000000
993	3.638889
994	2.000000
995	3.166667
996	3.333333
997	2.800000
998	2.625000
999	2.000000
1000	2.666667
1001	2.555556
1002	2.000000
1003	2.000000
1004	3.000000
1005	3.538461
1006	2.500000
1007	4.142857
1008	2.846154
1009	3.484848
1010	3.260870
1011	3.203704
1012	3.404255
1013	2.227273
1014	2.931818
1015	3.500000
1016	3.422535
1017	3.250000
1018	3.266667
1019	4.058824
1020	4.000000
1021	3.631579
1022	3.333333
1023	2.611111
1024	3.666667
1025	2.652174
1026	3.000000
1027	2.000000
1028	3.089744
1029	2.333333
1030	2.416667
1031	2.000000
1032	3.800000
1033	2.571429
1034	2.692308
1035	3.096774
1036	3.000000
1037	2.166667
1038	2.545455
1039	4.073171
1040	2.888889
1041	3.200000
1042	3.187500
1043	2.333333
1044	3.235294
1045	3.400000
1046	2.956522
1047	2.757576
1048	3.117647
1049	2.642857
1050	3.913043
1051	3.315789
1052	2.384615
1053	3.272727
1054	2.900000
1055	3.111111
1056	2.800000
1057	2.000000
1058	3.428571
1059	2.823529
1060	3.400000
1061	2.842105
1062	3.375000
1063	3.680000
1064	5.000000
1065	3.470588
1066	3.500000
1067	3.560000
1068	3.375000
1069	3.000000
1070	3.937500
1071	3.125000
1072	3.333333
1073	3.869565
1074	2.777778
1075	2.750000
1076	2.300000
1077	3.000000
1078	3.000000
1079	1.954545
1080	4.000000
1081	2.666667
1082	3.000000
1084	3.750000
1085	4.500000
1086	3.000000
1087	2.000000
1088	2.285714
1089	2.312500
1090	2.526316
1091	2.600000
1092	2.600000
1093	3.166667
1094	2.166667
1095	2.500000
1096	2.000000
1097	4.000000
1098	3.833333
1099	3.333333
1100	3.000000
1101	3.707317
1102	4.000000
1103	3.800000
1105	2.333333
1106	2.000000
1107	3.555556
1109	3.500000
1110	3.000000
1111	3.500000
1112	2.545455
1113	3.625000
1114	3.500000
1115	3.294118
1116	4.000000
1117	3.285714
1118	3.407408
1119	3.480000
1120	3.222222
1121	3.769231
1122	5.000000
1124	3.800000
1125	4.500000
1126	3.176471
1127	2.875000
1128	1.000000
1129	3.333333
1130	4.000000
1131	4.333333
1132	2.692308
1133	2.769231
1134	3.562500
1135	2.800000
1136	3.133333
1137	3.928571
1138	3.250000
1139	2.733333
1140	2.500000
1141	3.000000
1142	4.047619
1143	3.800000
1144	3.000000
1145	2.833333
1146	1.000000
1147	3.333333
1148	3.333333
1149	3.866667
1150	4.333333
1151	2.333333
1152	3.266667
1153	3.111111
1154	3.500000
1155	4.000000
1157	3.333333
1159	3.875000
1160	3.583333
1161	2.714286
1162	1.500000
1163	2.875000
1164	2.333333
1165	2.000000
1166	3.166667
1167	4.166667
1168	3.666667
1169	5.000000
1170	2.882353
1171	3.200000
1172	3.333333
1173	2.250000
1174	3.800000
1175	3.000000
1176	3.384615
1177	2.500000
1178	2.285714
1179	2.000000
1180	2.800000
1181	2.666667
1182	1.800000
1183	1.750000
1184	3.000000
1185	2.400000
1186	3.000000
1187	3.142857
1188	2.523809
1189	5.000000
1190	3.000000
1191	3.000000
1192	3.400000
1193	3.666667
1194	3.727273
1195	3.800000
1196	3.000000
1197	3.571429
1198	3.333333
1199	2.692308
1200	4.000000
1201	5.000000
1202	4.333333
1203	4.000000
1204	3.545455
1205	3.500000
1206	2.571429
1207	2.750000
1208	2.636364
1209	2.375000
1210	2.235294
1211	3.500000
1212	3.000000
1213	2.000000
1214	2.000000
1215	1.937500
1216	3.000000
1217	2.823529
1218	3.875000
1219	3.100000
1220	3.357143
1221	3.380952
1222	2.600000
1223	3.000000
1224	3.166667
1225	2.857143
1226	3.500000
1227	2.750000
1228	2.478261
1229	1.857143
1230	1.500000
1231	2.500000
1232	3.000000
1233	3.250000
1234	2.571429
1237	4.000000
1238	3.250000
1239	3.125000
1240	3.894737
1241	3.000000
1242	1.000000
1243	3.400000
1244	2.882353
1245	3.444444
1246	1.000000
1248	3.125000
1249	3.125000
1250	1.000000
1251	4.166667
1252	2.750000
1253	3.000000
1254	1.750000
1255	2.400000
1256	2.000000
1257	2.000000
1258	2.333333
1259	1.000000
1260	2.000000
1261	1.000000
1262	3.666667
1263	3.000000
1264	3.400000
1265	3.000000
1266	3.500000
1267	2.947368
1268	3.600000
1269	4.142857
1270	3.000000
1271	3.000000
1272	1.000000
1273	2.571429
1274	2.000000
1275	2.000000
1276	2.285714
1277	3.555556
1278	3.600000
1279	2.500000
1280	2.500000
1281	2.666667
1282	3.333333
1283	2.700000
1284	2.857143
1285	3.000000
1286	3.666667
1287	1.200000
1288	3.000000
1289	2.000000
1291	1.900000
1292	2.000000
1294	3.250000
1295	3.250000
1296	3.000000
1297	3.111111
1298	3.750000
1299	2.800000
1300	2.333333
1301	3.500000
1302	3.000000
1303	2.454545
1304	1.000000
1305	2.000000
1306	1.000000
1308	1.000000
1311	2.285714
1312	3.000000
1313	2.833333
1314	1.000000
1315	3.285714
1316	2.500000
1317	1.500000
1321	1.000000
1322	2.500000
1323	2.500000
1324	2.500000
1325	1.000000
1326	4.000000
1327	3.000000
1328	2.333333
1329	1.000000
1330	3.000000
1331	3.500000
1333	4.000000
1334	1.000000
1335	2.750000
1336	2.000000
1337	2.200000
1338	4.000000
1341	1.000000
1342	4.000000
1344	5.000000
1345	3.000000
1346	3.000000
1347	3.000000
1350	1.000000
1351	2.000000
1352	1.000000
1353	2.666667
1354	1.000000
1355	2.750000
1356	2.666667
1357	2.000000
1358	1.000000
1361	4.000000
1362	3.000000
1365	1.500000
1366	1.000000
1367	5.000000
1368	3.750000
1369	4.000000
1370	4.000000
1375	3.833333
1376	2.000000
1377	5.000000
1378	2.333333
1379	3.250000
1380	2.200000
1381	3.333333
1382	2.000000
1383	2.250000
1384	3.000000
1385	3.250000
1386	3.333333
1387	2.500000
1388	3.750000
1389	4.000000
1390	3.000000
1391	4.000000
1392	2.666667
1393	2.666667
1394	3.500000
1395	3.000000
1396	4.333333
1397	4.000000
1398	4.000000
1399	2.500000
1400	3.500000
1401	2.571429
1402	4.000000
1403	3.000000
1404	3.200000
1405	3.666667
1406	3.250000
1407	2.125000
1408	1.000000
1409	3.400000
1410	3.000000
1411	2.642857
1412	1.600000
1413	2.400000
1415	2.750000
1416	2.500000
1417	2.000000
1419	2.125000
1420	1.000000
1421	3.400000
1422	3.000000
1423	2.250000
1425	2.500000
1426	2.000000
1427	2.333333
1428	3.333333
1429	2.750000
1430	3.000000
1431	4.333333
1432	1.000000
1433	2.000000
1434	2.666667
1435	2.500000
1437	2.200000
1438	2.000000
1439	3.333333
1440	3.000000
1442	4.000000
1443	5.000000
1444	2.750000
1445	2.333333
1446	3.125000
1448	3.666667
1449	4.600000
1451	3.833333
1454	3.333333
1455	3.000000
1456	3.666667
1459	2.000000
1460	3.000000
1462	3.666667
1463	2.500000
1464	1.000000
1465	2.000000
1466	4.000000
1467	5.000000
1468	4.000000
1469	2.750000
1470	1.000000
1471	2.000000
1472	5.000000
1473	3.000000
1474	3.666667
1475	3.000000
1477	3.000000
1478	2.700000
1479	3.333333
1480	2.500000
1481	4.000000
1483	3.285714
1484	4.000000
1487	2.333333
1488	2.000000
1489	2.000000
1490	3.000000
1491	1.000000
1494	1.000000
1495	3.000000
1496	3.666667
1497	4.000000
1499	3.000000
1500	5.000000
1501	3.500000
1503	3.600000
1504	3.000000
1506	3.500000
1509	1.600000
1511	3.000000
1512	5.000000
1513	2.000000
1514	2.600000
1515	4.000000
1516	3.000000
1517	3.500000
1518	2.800000
1521	3.000000
1522	2.500000
1524	4.000000
1527	2.400000
1528	2.000000
1529	2.666667
1530	2.333333
1531	3.500000
1534	1.500000
1535	2.500000
1537	4.000000
1538	3.000000
1539	2.000000
1540	2.625000
1541	4.000000
1542	3.000000
1544	2.666667
1545	2.666667
1546	1.000000
1547	4.000000
1549	2.000000
1551	2.000000
1552	2.000000
1553	3.333333
1554	2.000000
1555	3.333333
1556	2.000000
1558	4.000000
1560	4.000000
1564	1.000000
1567	1.000000
1573	2.500000
1574	1.000000
1577	1.000000
1578	3.000000
1581	1.000000
1584	1.000000
1588	3.000000
1589	4.000000
1590	3.000000
1591	1.666667
1592	4.000000
1594	4.500000
1597	3.000000
1598	3.333333
1600	4.000000
1602	3.000000
1604	4.000000
1605	3.500000
1606	2.000000
1607	3.500000
1608	2.500000
1609	2.000000
1610	1.500000
1611	3.000000
1612	3.333333
1613	4.000000
1615	2.888889
1617	1.000000
1618	1.000000
1620	3.200000
1621	1.000000
1622	2.333333
1623	4.000000
1625	4.000000
1626	1.000000
1627	3.000000
1628	3.333333
1629	5.000000
1630	3.000000
1631	3.500000
1632	3.000000
1633	3.000000
1634	2.000000
1635	3.000000
1636	4.000000
1637	3.000000
1638	3.000000
1639	4.333333
1640	3.000000
1641	3.000000
1642	5.000000
1643	3.750000
1644	2.000000
1645	4.000000
1646	3.500000
1647	3.000000
1648	2.000000
1650	4.000000
1652	1.666667
1656	5.000000
1658	3.000000
1659	1.000000
1660	2.000000
1661	1.000000
1662	2.500000
1663	2.000000
1664	3.250000
1665	2.000000
1666	2.000000
1667	3.000000
1668	3.000000
1669	2.000000
1670	3.000000
1671	1.000000
1672	2.000000
1673	3.000000
1674	4.000000
1675	3.000000
1676	2.000000
1677	3.000000
1678	1.000000
1679	3.000000
1680	2.000000
1681	3.000000
1682	3.000000
